#[[Fit Statistics]]
#    # function evals   = 31
#    # data points      = 494
#    # variables        = 6
#    chi-square         = 667.388
#    reduced chi-square = 1.368
#    Akaike info crit   = 160.613
#    Bayesian info crit = 185.828
#[[Variables]]
#    R:           62.5306 (fixed)
#    dshell:      18.3000000 +/- 0.068788 (0.38%) (init= 18.54)
#    SLDcore:     6.069e-06 (fixed)
#    SLDshell:    2.7840e-06 +/- 1.75e-08 (0.63%) (init= 2.768e-06)
#    SLDmatrix:   5.664e-06 (fixed)
#    sigR:        0.0942 (fixed)
#    sigdshell:   0 (fixed)
#    dth_sa:      0.00115702 +/- 5.73e-05 (4.95%) (init= 0.001155)
#    dth_la:      0.00159000 +/- 2.06e-05 (1.30%) (init= 0.001585)
#    i0:          0.61800000 +/- 0.007852 (1.27%) (init= 0.59)
#    bg:          0.01638000 +/- 0.000157 (0.96%) (init= 0.01458)
#[[Correlations]] (unreported correlations are <  0.100)
#    C(SLDshell, i0)              =  0.724 
#    C(SLDshell, dth_la)          =  0.624 
#    C(i0, bg)                    = -0.463 
#    C(dshell, SLDshell)          =  0.456 
#    C(dshell, bg)                =  0.446 
#    C(dth_la, i0)                =  0.370 
#    C(dshell, dth_la)            =  0.361 
#    C(SLDshell, dth_sa)          =  0.306 
#    C(dshell, i0)                = -0.279 
#    C(dth_sa, dth_la)            =  0.242 
#    C(dshell, dth_sa)            =  0.202 
#    C(dth_sa, i0)                =  0.159 #q / A-1 	 I / cm-1 	 sI / cm-1 	 Imodel / cm-1
0.0101678	4.73475	0.0683169	4.71594464148
0.0103612	4.62862	0.0699675	4.67485214501
0.0105568	4.68129	0.0656311	4.63313316126
0.010753	4.71525	0.0687252	4.59110478221
0.0109451	4.65686	0.0655889	4.54975322355
0.0111414	4.62211	0.0662589	4.50732414873
0.0113417	4.5146	0.0615259	4.46384553119
0.0115384	4.49131	0.066707	4.42091577534
0.0117319	4.36955	0.0587513	4.37845434355
0.0119304	4.41512	0.0653613	4.33469894518
0.0121213	4.33163	0.0590578	4.29237969497
0.0123128	4.37559	0.0651377	4.24972679035
0.0125059	4.26978	0.0572395	4.20652028051
0.0127062	4.20142	0.0612199	4.16152238861
0.012902	4.22025	0.0572911	4.11730141052
0.0131003	4.14067	0.0601995	4.07230998321
0.0132934	3.99991	0.0556749	4.02826936256
0.0134896	3.96149	0.0570535	3.98333955422
0.0136816	3.95737	0.0542863	3.93916952433
0.01388	3.96946	0.0564472	3.89337799625
0.0140735	3.95574	0.0529537	3.84852134681
0.0142716	3.82291	0.0561495	3.80245293233
0.0144665	3.87523	0.0515176	3.75695685693
0.0146676	3.74244	0.0539613	3.7098927743
0.0148583	3.65695	0.0511283	3.66508073938
0.0150574	3.72097	0.0528008	3.61821054186
0.0152506	3.59009	0.0510651	3.57258850481
0.0154466	3.4796	0.0518769	3.52622566683
0.0156353	3.48783	0.0493775	3.48147491558
0.0158331	3.44637	0.0499465	3.43454080178
0.0160273	3.39068	0.0477037	3.38838768929
0.0162276	3.3948	0.0486907	3.34076557364
0.0164205	3.26539	0.0464175	3.2948241235
0.0166192	3.22999	0.0479951	3.2475069184
0.0168108	3.19798	0.0453552	3.20184594885
0.0170079	3.18049	0.0475759	3.15491246751
0.0171994	3.0893	0.0447726	3.10930485845
0.0173999	3.06321	0.0467458	3.06163997772
0.0175928	2.99998	0.0439621	3.01578580273
0.0177926	2.99462	0.045451	2.96838955706
0.017985	2.88799	0.0423651	2.92277185995
0.0181841	2.84122	0.0431971	2.87569078741
0.0183744	2.80316	0.0421695	2.83075688465
0.0185724	2.82816	0.0435234	2.7841503359
0.0187624	2.72776	0.0411754	2.73949901851
0.0189608	2.70037	0.0430211	2.69307339674
0.0191558	2.6578	0.0390437	2.64758550557
0.0193582	2.58202	0.0420728	2.60057499529
0.0195484	2.56004	0.0399857	2.55652515603
0.0197472	2.51434	0.0401897	2.51070948604
0.0199376	2.41364	0.0379225	2.46698238094
0.0201349	2.38342	0.0400395	2.42190662711
0.0203247	2.40042	0.0383795	2.37873944535
0.0205254	2.32488	0.0378709	2.33337417389
0.0207181	2.30381	0.0368276	2.29004755413
0.0209191	2.22215	0.0366218	2.24515006381
0.0211098	2.21642	0.0367367	2.20279032478
0.0213087	2.15238	0.0365241	2.15890571023
0.0214992	2.07353	0.0355721	2.11713689368
0.0216984	2.07882	0.0360592	2.07378827026
0.02189	2.05623	0.0342767	2.03237905573
0.02209	1.97699	0.036121	1.98951479955
0.0222807	1.89956	0.0342042	1.94895220053
0.0224831	1.89768	0.0342923	1.90628274475
0.0226758	1.86315	0.0340488	1.8659709187
0.0228745	1.84198	0.0338521	1.82479537386
0.0230644	1.757	0.0326713	1.78577406001
0.0232633	1.74245	0.0333025	1.74530546377
0.0234512	1.68564	0.0330891	1.70739107714
0.0236504	1.65021	0.0326111	1.66764002114
0.0238445	1.60802	0.0303602	1.62929804529
0.0240465	1.60172	0.0320501	1.58985085774
0.024236	1.53624	0.0314021	1.55320450229
0.024435	1.49773	0.0317773	1.5151869844
0.0246249	1.42434	0.0301536	1.47929502329
0.0248209	1.46086	0.0320269	1.44269098281
0.0250143	1.38343	0.0313673	1.40701200172
0.0252111	1.42017	0.0325135	1.37115251103
0.025409	1.38757	0.0330589	1.33557403242
0.0256059	1.30431	0.0339918	1.30062628698
0.0258011	1.32603	0.035125	1.26646201245
0.0259979	1.20334	0.0359261	1.23248223925
0.0261918	1.21039	0.0371013	1.19948862548
0.0263863	1.2028	0.0374743	1.16684246095
0.0265815	1.12471	0.0378321	1.13457283141
0.0267733	1.0566	0.0383637	1.10330956916
0.0269709	1.02199	0.0380256	1.07164701554
0.0271712	1.01694	0.0394495	1.04005338023
0.0273665	0.997866	0.0393599	1.00976221727
0.0275626	1.02094	0.0354015	0.97983658087
0.0277542	0.933513	0.0380427	0.951091725926
0.0279586	0.915937	0.0306339	0.920983611651
0.0281448	0.909256	0.0326351	0.893998490898
0.0283509	0.844687	0.0307735	0.864720992245
0.0285315	0.881066	0.030117	0.839479153884
0.0287421	0.838258	0.0293737	0.810686390468
0.0289224	0.779739	0.0296084	0.786439787057
0.029135	0.781159	0.0283904	0.758506907466
0.0293149	0.728271	0.0288567	0.735273706943
0.0295167	0.692427	0.0298311	0.709794412537
0.0296988	0.690435	0.0258849	0.687236890616
0.0299027	0.672028	0.0282903	0.662556905652
0.0300941	0.614521	0.0252328	0.639889334018
0.030292	0.62709	0.0273873	0.616985696735
0.030487	0.597851	0.0242708	0.59494380202
0.0306826	0.546414	0.0270074	0.573341007158
0.0308854	0.560332	0.0234887	0.551528002777
0.0310752	0.487282	0.0254419	0.531564364116
0.0312796	0.523554	0.0236036	0.510653814443
0.0314658	0.525736	0.0251056	0.49204306531
0.0316734	0.446275	0.023458	0.471914677267
0.0318553	0.393487	0.0244065	0.45467880324
0.0320607	0.430319	0.0225274	0.435816841882
0.0322426	0.405805	0.0231846	0.419521919539
0.0324475	0.402919	0.0227077	0.401743365436
0.0326354	0.385545	0.0221703	0.385885182904
0.0328428	0.400673	0.0233635	0.368955101205
0.0330312	0.380006	0.0215798	0.354022497804
0.0332334	0.344277	0.0230006	0.338532961479
0.0334229	0.329173	0.0213621	0.324463290786
0.033615	0.29782	0.0229691	0.310672142989
0.0338137	0.307444	0.0207679	0.296903339853
0.034006	0.278756	0.0230191	0.28403411672
0.034204	0.296278	0.0204543	0.271273155753
0.0343982	0.240344	0.0213711	0.259207545784
0.0346024	0.221366	0.0205048	0.247023070732
0.0347881	0.219544	0.0210855	0.236354834469
0.0349919	0.238603	0.0205316	0.225141524514
0.0351784	0.227863	0.0196859	0.215287204834
0.0353806	0.238834	0.0202315	0.205064632232
0.0355712	0.199813	0.0189089	0.195860413831
0.0357746	0.181646	0.0203348	0.186483972193
0.035964	0.190673	0.0188264	0.178174408523
0.0361654	0.155059	0.0192076	0.169754394924
0.036358	0.157002	0.0186661	0.162130963667
0.0365561	0.112737	0.0197483	0.154677674629
0.0367478	0.132179	0.0178991	0.147879485002
0.036938	0.149688	0.0196089	0.141489959679
0.0371351	0.139888	0.0174822	0.135278806874
0.0373312	0.122091	0.0183057	0.129466927829
0.0375269	0.152055	0.0183825	0.124053355191
0.0377189	0.119069	0.0177308	0.119094424218
0.0379198	0.115813	0.0179884	0.11428854731
0.038108	0.114363	0.018223	0.110118805997
0.0383067	0.111825	0.0177222	0.106069763174
0.0385022	0.126754	0.0174179	0.102437909615
0.0387024	0.110723	0.0176945	0.0990591269099
0.0388897	0.0819229	0.0179735	0.0962132539319
0.0390884	0.093002	0.0177954	0.0935108225201
0.0392846	0.0832863	0.0173258	0.0911732189887
0.0394822	0.0917611	0.0176515	0.0891195272088
0.0396775	0.0979705	0.0172399	0.0874007906257
0.0398782	0.0790686	0.0173569	0.0859293330746
0.0400713	0.0950226	0.017907	0.0848021807282
0.040264	0.106201	0.017641	0.083939760406
0.0404606	0.0822452	0.0180344	0.0833390442612
0.0406506	0.0713538	0.0178061	0.0830054302645
0.040848	0.0662318	0.0193265	0.0829204387038
0.0410413	0.0924668	0.018102	0.08308126358
0.0412415	0.0928244	0.0196343	0.0834948000956
0.0414333	0.0795807	0.0206244	0.0841220158868
0.0416282	0.0773716	0.0211594	0.0849811763284
0.0418243	0.0781134	0.0208802	0.0860660976988
0.0420214	0.0843812	0.0231169	0.0873688627477
0.0422152	0.0699927	0.0230856	0.0888557630096
0.0424122	0.0912481	0.0234752	0.0905618318941
0.0426091	0.113217	0.024171	0.0924617407162
0.0428066	0.094829	0.0252852	0.0945504668222
0.0429984	0.121245	0.0259174	0.0967517711693
0.0431947	0.115758	0.0239988	0.0991695836552
0.0433934	0.109867	0.0260968	0.101782130891
0.0435842	0.109096	0.0265186	0.104440504673
0.0437763	0.103842	0.0273133	0.107257870673
0.0439751	0.0734814	0.0283884	0.110312967156
0.0441637	0.093866	0.0298596	0.113340596657
0.0443613	0.143383	0.0288403	0.116635166758
0.0445661	0.139579	0.0318037	0.120175257603
0.0447643	0.101422	0.030506	0.123719961125
0.0449589	0.0896628	0.0326514	0.127306665594
0.0451567	0.172206	0.0322293	0.131051253832
0.0453554	0.131512	0.0382004	0.134908395001
0.0455344	0.178914	0.0387803	0.138466494765
0.0457345	0.191126	0.0356462	0.142515990913
0.0459393	0.163701	0.0379589	0.146739653268
0.0461215	0.154343	0.0452118	0.15057128754
0.0463134	0.13994	0.0409369	0.154661282651
0.0465134	0.163512	0.0514974	0.158982475127
0.0467069	0.18406	0.0508635	0.163220070557
#
0.0140473	3.91700743027	0.0287702084437	3.86790511679
0.0150806	3.64161648588	0.0235110022019	3.62018409356
0.0162737	3.34048742732	0.0181031613594	3.33593963578
0.0172453	3.04995793281	0.0142169984027	3.10501585697
0.0183835	2.83584330032	0.0129669719559	2.83852678278
0.0193338	2.62041339346	0.0131375277959	2.61881950508
0.0204306	2.37951186592	0.0108768892242	2.37167523439
0.0214189	2.17492222692	0.0108586645074	2.15494507165
0.0224886	1.9350093043	0.00900610485341	1.92899620882
0.0234959	1.71555620524	0.00861341378615	1.72504651702
0.0245878	1.52410211683	0.00726982233111	1.51570923272
0.0256185	1.33977458039	0.00738107906913	1.32980452177
0.026664	1.16105200403	0.006150996652	1.15370548237
0.0276987	0.995774454574	0.00603179668837	0.993224131245
0.0287421	0.843870580542	0.00514908425036	0.845007081838
0.0298056	0.717640346448	0.00495728629936	0.709039957466
0.0308514	0.586597755535	0.00444171593886	0.58958734002
0.0318879	0.491104537881	0.00429600417025	0.485525320593
0.0329413	0.391478951662	0.003763945599	0.393873276823
0.0340178	0.317735042243	0.00377255935665	0.314685725424
0.0350488	0.253131000221	0.00345382453395	0.251739087881
0.0361027	0.201698614356	0.00340829712825	0.200008026575
0.037142	0.159755976065	0.00317295757796	0.160552746311
0.038201	0.132903747131	0.00323885024501	0.1312928311
0.0392233	0.113680969208	0.00299132936279	0.11252797969
0.0402967	0.103776867225	0.00303240374806	0.101834348761
0.0413035	0.10010269555	0.0029963669496	0.0991667770738
0.0423605	0.102928386307	0.00292658003883	0.102976308219
0.0433868	0.114588766422	0.0029014608773	0.112084811404
0.0444662	0.129784913523	0.00289015639496	0.126313264322
0.0454828	0.149448695206	0.00291995208758	0.143068579143
0.0465569	0.165558657115	0.00287021236527	0.16326279935
0.0475874	0.188884575283	0.00288952884575	0.184143999553
0.0486531	0.208037721033	0.00291465660384	0.206397408295
0.0496398	0.233286690684	0.00295359044455	0.226903251361
0.0507101	0.252345274224	0.00284450004079	0.248315428386
0.0517496	0.270747939891	0.00288436231047	0.267699713222
0.0528166	0.286184790799	0.00292069139213	0.285631736277
0.0538396	0.299591133168	0.00283244765734	0.300544396289
0.0549323	0.317431583516	0.00287153623621	0.313660389155
0.0559416	0.322859454353	0.00289246027425	0.322977541417
0.057002	0.330555098911	0.00285375854078	0.329737494365
0.0580232	0.334901521933	0.00280713077483	0.333253836651
0.0591141	0.335748283538	0.00275923931389	0.33380444952
0.0601322	0.333888846632	0.0028120308166	0.331408151322
0.0611857	0.322955735876	0.00269823809206	0.326152361352
0.0622011	0.314182082127	0.0027475823724	0.318593527023
0.0632792	0.307073582926	0.00257386299658	0.30817582476
0.0643001	0.296781775883	0.00272127688497	0.296295175396
0.0653523	0.281322573907	0.00247734936672	0.282332913633
0.066397	0.264417429779	0.00260773346079	0.2670681163
0.0674465	0.247865604453	0.0024140442656	0.250671748033
0.0684998	0.233015039245	0.0024940009122	0.233493738482
0.0695494	0.212138282309	0.00234759282186	0.215984879488
0.0706078	0.193095172585	0.00238360383063	0.19827944655
0.0716538	0.180924156538	0.00228366017153	0.181021576796
0.0727033	0.161124549136	0.0023128884909	0.164231560619
0.073734	0.144265826457	0.00221557538053	0.148470947855
0.0747812	0.132874518812	0.00223120393483	0.133432499066
0.0758126	0.113672372644	0.00214098299019	0.119731823658
0.0768748	0.10371755093	0.00214830726317	0.106929961777
0.0779042	0.0898882575873	0.00208590480132	0.0958756336803
0.0789678	0.0792704688177	0.00209255854226	0.0859362564546
0.0799998	0.0722557581353	0.00205111450471	0.0777554785625
0.0810709	0.0656666633622	0.00203808211289	0.0707961187775
0.0820881	0.0611833830339	0.00202732781068	0.0655922810629
0.0831415	0.0579326781265	0.00200591376846	0.0615962575783
0.0841674	0.0521451270292	0.00197757089524	0.0589820574562
0.0852343	0.0533758971715	0.00197005749785	0.0574958121974
0.086247	0.052909361615	0.00197182839014	0.0571305383639
0.0873058	0.0520815124518	0.00194815345145	0.0577043970009
0.0883477	0.0559317417689	0.00190212744502	0.0590834047713
0.089421	0.0566561742609	0.00194191234561	0.0611911155313
0.0904328	0.0591069688398	0.00191929478436	0.0636773358663
0.0915037	0.0639512189123	0.00189579177696	0.0666808443474
0.0925359	0.066590106323	0.00188855346964	0.069801452426
0.0936083	0.069404793478	0.0018848311572	0.073134252741
0.0946286	0.0760032585064	0.00190781837073	0.0762731023369
0.0957008	0.0738703648834	0.00183922638242	0.0794185934454
0.0967276	0.0781644348266	0.00193141594033	0.082189081535
0.0977733	0.0796706388961	0.00183239211363	0.0846842371972
0.0988083	0.0840912502691	0.00190217042784	0.0867620007864
0.0998538	0.0887406162239	0.0018183711169	0.0884136577334
0.100906	0.0879832588897	0.00186286693485	0.0895817562427
0.101953	0.0905622282456	0.00180033552454	0.0902341334338
0.103015	0.0871038303394	0.00182948647482	0.0903654025815
0.104059	0.0895933954243	0.00180522696975	0.08998194376
0.105102	0.0898315202615	0.00181991849851	0.0891067303111
0.106137	0.0907573702602	0.00177458021724	0.0877829970525
0.107187	0.0886529312658	0.00180196027523	0.0860136695299
0.108231	0.0853221923427	0.0017408129118	0.0838750722644
0.109291	0.0848548830954	0.00179136071118	0.0813693956753
0.110329	0.0803911169685	0.00171827271963	0.0786452765407
0.111398	0.0786721479272	0.00175893446981	0.0756226888489
0.112424	0.0762206656231	0.00171457619689	0.0725703875595
0.113471	0.0740887176222	0.00174719156268	0.069363898549
0.114489	0.0696524605018	0.00169053160593	0.0662099775005
0.115556	0.0680639873099	0.00169355759664	0.0629249442986
0.116578	0.0626691272799	0.00169366075541	0.0598411931558
0.117636	0.0616362500528	0.0016694356366	0.0567632361961
0.118662	0.0580343754847	0.00166287645787	0.0539245911184
0.119735	0.0544046480476	0.00163305497555	0.0511488344594
0.120761	0.051233203465	0.00165997941562	0.0487021409437
0.121831	0.0508469598211	0.00160299278942	0.0463904196701
0.122862	0.0507983892316	0.00164082626987	0.0444074497948
0.123925	0.0467635916742	0.00157987662743	0.0426230361657
0.124959	0.0418225442853	0.00163138724203	0.0411412092094
0.12601	0.0431466731182	0.00156788441992	0.0398871756452
0.127048	0.0415479700145	0.00162102838179	0.0388908049255
0.128098	0.0383716253901	0.00154055594132	0.0381130125453
0.129146	0.0379187583712	0.00160584684884	0.0375511895155
0.130192	0.0376611193326	0.00163223830192	0.0371824707014
0.131225	0.0367869346866	0.00170863597081	0.036985796787
0.132284	0.0366567826997	0.00175798884771	0.0369313684546
0.133325	0.0337145225272	0.00185696109503	0.036998414803
0.134359	0.0359313186199	0.001861087446	0.037157748668
0.135405	0.0372650756051	0.00191787635122	0.0373883251538
0.13645	0.0347044169317	0.00195066364829	0.0376637220073
0.137512	0.0337754721697	0.00197652211437	0.0379660496442
0.138551	0.0373748537341	0.0020813056393	0.0382621780775
0.139585	0.0371099935812	0.00207084362028	0.038538444671
0.14064	0.0380440962819	0.0021101385167	0.0387842519615
0.141687	0.038063954346	0.00217181027056	0.0389777522664
0.142735	0.0385369373258	0.00219676609736	0.0391093184736
0.143782	0.0400820838326	0.00224733108987	0.0391697376588
0.144818	0.0343278014401	0.00231463359349	0.0391532995148
0.145873	0.037863568427	0.00197981459858	0.0390548706032
0.14691	0.0355167063131	0.00218531547342	0.038876585593
0.148007	0.0395767777701	0.00204526884083	0.0386012069216
0.149011	0.0365696135355	0.0020649033942	0.038273504447
0.150063	0.0350972799302	0.00220339404861	0.0378578579375
0.151119	0.0389037527339	0.00196155549554	0.0373721132484
0.152153	0.0387372372791	0.00213358134814	0.036837831419
0.153238	0.0367032041481	0.00206529883616	0.0362242470582
0.154236	0.0380595700981	0.00203143696852	0.0356195132553
0.155285	0.0366221385447	0.00220748601332	0.0349529354746
0.156341	0.0341990249035	0.00195822002851	0.0342587743546
0.157367	0.0357310186666	0.00213315151992	0.0335714864312
0.158458	0.0373519009068	0.00205275644853	0.0328367063284
0.159442	0.0354001368982	0.00203264908412	0.032177814297
0.160509	0.0347761122798	0.00214394880495	0.0314769193133
0.161582	0.0303324621139	0.00193620422677	0.0307929288312
0.162607	0.0356260546138	0.00214962253754	0.0301652961271
0.163686	0.0333345543754	0.00206519567739	0.0295372004695
0.164681	0.0315183581894	0.00199064626987	0.028991464877
0.165739	0.0331826530804	0.00221685626865	0.0284501826737
0.166789	0.0296477457499	0.0019387402133	0.0279543070958
0.1678	0.0317845937925	0.00212725427666	0.0275169136854
0.168901	0.030884361556	0.00203290698105	0.0270858037555
0.169901	0.0299466482982	0.00195908828152	0.0267343233977
0.170975	0.02810285714	0.00216922270464	0.0263979757379
0.172033	0.0288660601381	0.00191438614602	0.0261059283199
0.173011	0.0280390706313	0.00220553459317	0.0258682871401
0.174127	0.0292064840931	0.00191692213255	0.0256325411083
0.175145	0.0259415948542	0.00198676062271	0.0254464212305
0.17622	0.0296440492271	0.00208872447448	0.0252761288797
0.17726	0.0264186182193	0.00195778160372	0.0251330513687
0.17826	0.0253285738383	0.00203439418672	0.0250121916859
0.179371	0.022913712899	0.00202179162313	0.0248932331993
0.180341	0.0251863006955	0.00192165024304	0.0247989832661
0.181415	0.0251243194653	0.00210448197724	0.0247019781866
0.182476	0.0265082803873	0.00189132156341	0.0246102439444
0.183483	0.0266981784975	0.00201223224338	0.0245242301462
0.184607	0.0282955061509	0.00194193813531	0.0244267108087
0.185588	0.0252574802497	0.00185722758853	0.0243381562656
0.186651	0.0238500507065	0.00208808832871	0.0242370979723
0.187715	0.0246879578502	0.00173077212444	0.024129024898
0.188751	0.0207399855946	0.00199757510088	0.0240161817513
0.189863	0.0230064698302	0.00181924796648	0.0238860633232
0.190825	0.022454570388	0.00187062103605	0.0237654651078
0.191884	0.0234227154842	0.00194376920355	0.0236245977017
0.192925	0.0246497031381	0.00171899483105	0.0234777133813
0.193956	0.02206110563	0.00191347491018	0.0233247917666
0.195091	0.0210545338903	0.00159403516919	0.0231488438749
0.196028	0.0242736034404	0.00163210075689	0.0229976873699
0.197092	0.0234810861573	0.00173554321775	0.022821811756
0.198148	0.0223589765906	0.00143021903571	0.0226433462099
0.199183	0.0230279612415	0.00158442421006	0.0224656200269
0.200285	0.0223282008896	0.00155461992087	0.0222750191628
0.201269	0.0224730530017	0.00140708568058	0.0221044170241
0.202316	0.0214675128499	0.00159939082889	0.021923793963
0.203386	0.0221447502027	0.0013647304072	0.0217414118762
0.204423	0.0219171131743	0.00143219624555	0.021567428077
0.205518	0.0243715183103	0.00143150852038	0.0213879482942
0.206564	0.0237143109527	0.00133692052097	0.0212215690565
0.207582	0.0225940066645	0.00149251833878	0.0210642634246
0.208588	0.0198059688595	0.00132963923083	0.0209142938023
0.209669	0.0204385040769	0.00135652068808	0.0207599116472
0.210714	0.0203739438773	0.00133733315607	0.0206169697575
0.211748	0.0224035067948	0.00137385136215	0.0204822685068
0.212812	0.0211521048976	0.00126812221512	0.0203503662635
0.21384	0.0203394716536	0.00134766622662	0.0202294329945
0.21491	0.0217237764382	0.00134441672524	0.0201103719404
0.215928	0.021281397228	0.00125041329221	0.0200027977578
0.216954	0.0207190099771	0.00137567383383	0.019900238817
0.218039	0.0202556551495	0.0012496653911	0.0197978608743
0.219057	0.0199678421694	0.00125127294866	0.0197066859074
0.22012	0.0188134095201	0.00140631198978	0.019616248594
0.221151	0.0212335143636	0.00118575853046	0.0195326838918
0.222196	0.0199049153171	0.0013141138353	0.0194519321448
0.223298	0.0196499412135	0.00127576456098	0.0193705418433
0.224247	0.019876116826	0.00123556702529	0.0193027496408
0.22531	0.0190097550537	0.00133249329025	0.0192296142523
0.226394	0.0192927539577	0.00116739626865	0.0191574033592
0.227429	0.0200199373504	0.00128017459858	0.0190901415177
0.228465	0.0197953950851	0.00135335715234	0.0190242563798
0.229497	0.0190243692134	0.00126107303222	0.0189598253175
0.230559	0.0199687877915	0.00131403646622	0.0188945664018
0.231671	0.0199084399086	0.00133223539331	0.0188264154444
0.232668	0.0197725282235	0.00132585674244	0.0187672578405
0.233715	0.0186444010616	0.0013816656393	0.0187055345167
0.234789	0.0179204843634	0.00134386654511	0.0186407314922
0.235771	0.0186491291721	0.00137229538397	0.0185837243129
0.236852	0.0161655816824	0.00136945851768	0.0185206778572
0.237902	0.0182839471113	0.00136284775957	0.0184598335852
0.238918	0.0187241771804	0.00138237055759	0.0184013224146
0.240012	0.0177506162485	0.00138972921682	0.0183381970192
0.24103	0.0166186206325	0.00133881176517	0.0182813353237
0.242068	0.0184214921436	0.00145741856585	0.0182231618829
0.243148	0.0166016854004	0.00134224179441	0.0181630020568
0.244141	0.0182243729192	0.00142667725112	0.0181101583407
0.245196	0.016220427764	0.00143118185093	0.018052979354
0.24627	0.0160832265943	0.00133834755068	0.0179966331182
0.247294	0.0183052665913	0.00147229062247	0.0179443341769
0.248344	0.0169621393507	0.00142054790062	0.0178907002827
0.249372	0.0164668912688	0.00134280057111	0.0178405814124
0.250433	0.0166181908043	0.00148033700686	0.0177889894498
0.251515	0.0157209673654	0.00137636155899	0.0177383434191
0.2525	0.0137091133709	0.00144731760254	0.0176934460902
0.253582	0.0171019194898	0.00143401871722	0.0176455981518
0.254643	0.016185525712	0.00136625199912	0.0176001259744
0.25566	0.0171095704323	0.00147752593026	0.017557878714
0.256757	0.0167736166908	0.00141380819404	0.0175138007745
0.25777	0.0158524948025	0.00140326880594	0.01747441305
0.258782	0.0160607035952	0.00152867548915	0.0174363417879
0.259879	0.0175387109331	0.00135909106087	0.0173965101868
0.260866	0.0170891965743	0.00148037998968	0.0173618243142
0.261902	0.0156371508613	0.00149999734991	0.0173266081541
0.262961	0.0162135505124	0.00134699569459	0.0172918472208
0.264056	0.0169993624751	0.00141862227017	0.0172571784002
0.265131	0.0179538390337	0.00153418588701	0.017224267614
0.266097	0.0167271092768	0.00136948430737	0.0171956144614
0.267167	0.016361927216	0.00152749775981	0.0171649508051
0.268244	0.0164131627405	0.00141257888531	0.0171350900384
0.269231	0.0186128516698	0.00146488898041	0.0171085401271
0.270298	0.0168146223036	0.00153799416509	0.0170807349705
0.271333	0.0176354222839	0.00140847832404	0.0170545652068
0.272386	0.0158739862138	0.00150444177377	0.0170287502789
0.273485	0.0153936961541	0.00153973926769	0.0170026161886
0.274448	0.0175725813973	0.00145172764013	0.016980319792
0.275514	0.0145186518517	0.00156728266041	0.0169563526709
0.276619	0.0152606213354	0.00141978280638	0.0169322461934
0.277641	0.0177116738112	0.00152395597523	0.0169105758601
0.278675	0.0137685156317	0.00164155697786	0.0168892464115
0.279673	0.0169983308874	0.00139207607893	0.0168692002689
0.280767	0.0171284828742	0.00153619748311	0.0168478836316
0.281842	0.0162141522719	0.00152997357039	0.0168275316638
0.282815	0.0157150357359	0.00143567785418	0.0168095996418
0.283883	0.0172261398471	0.00161693641707	0.0167904907484
0.284936	0.012963791227	0.00162355577175	0.016772192696
0.28595	0.012939548915	0.00172153081759	0.016755097135
0.286992	0.0142379740201	0.00172608699678	0.0167380360452
0.288077	0.0122479552994	0.00171068195316	0.016720820937
0.289145	0.0127095048485	0.00184269079793	0.0167044362465
0.290155	0.0127312541567	0.00187373299241	0.0166894189595
0.291215	0.0148235719952	0.00182480994372	0.0166741778037
0.292277	0.012889173047	0.00195160067383	0.0166594139419
0.293301	0.0180372257096	0.00195614825646	0.016645662989
0.294325	0.011718664822	0.00200466726661	0.0166323937372
0.295388	0.0126642009535	0.00203092117465	0.0166190987616
0.296441	0.0147016727103	0.00203431681763	0.0166064055013
0.29747	0.0139103589463	0.00217332326592	0.0165944553249
0.298526	0.0126557763203	0.00206725025631	0.016582654527
0.299632	0.0161691062738	0.00214451617821	0.0165707895699
0.300616	0.0110305098322	0.00243362723957	0.0165606253767
0.301645	0.0130545709483	0.00215355116752	0.0165504214372
0.302739	0.0156106734426	0.00233468078195	0.0165400283491
0.303805	0.0142141615364	0.0023884093102	0.0165303253268
0.304804	0.0137385136215	0.00244341872656	0.0165216062984
0.305816	0.0113193544	0.00256112288797	0.0165131348244
0.306862	0.0110923191311	0.00245497250928	0.0165047495386
0.307936	0.0136290793552	0.00256790557737	0.0164965281067
0.308998	0.0155959733173	0.00263360052343	0.0164887714701
0.310045	0.0154115770083	0.00265050996584	0.0164814740869
0.311097	0.0162681386971	0.00289855523849	0.0164744816167
0.312169	0.0109947481238	0.00266884643796	0.0164677048002
0.313193	0.00780298126263	0.00326335905045	0.0164615354037
0.314199	0.0129418699875	0.0029091891888	0.016455758549
0.315278	0.00760974768535	0.00304178259996	0.0164498865105
0.316257	0.0113693864055	0.00356405828079	0.0164448193229
0.317341	0.0130749448062	0.00290952445482	0.016439507559
0.318437	0.0108488644239	0.0037770295702	0.0164344341962
0.319496	0.0173721095127	0.00325018051704	0.0164298069138
0.320507	0.0166784527216	0.00397623775981	0.0164256355512
0.321482	0.0136528058732	0.00398572836704	0.0164218351195
0.322473	0.0149532081881	0.00377641061755	0.0164181921497
0.323587	0.0100327065884	0.00421928842848	0.0164143593031
0.324687	0.014889765542	0.00401799127368	0.01641083168
0.325791	0.0167842764308	0.0050335034404	0.0164075396711
0.326733	0.0225201621753	0.00502023034478	0.0164049099065
0.327792	0.0166941844347	0.00501567416558	0.0164021620964
0.328776	0.0132671639889	0.00655291183299	0.0163998043233
0.329877	0.0083388137257	0.00564268179195	0.0163973264735
0.330955	0.0161169251272	0.00805554832821	0.0163951203935
0.332058	0.0221240324822	0.0078313843118	0.0163930595007
0.33314	0.0114781329467	0.0113760917258	0.0163912293316
