#Scaled file dd67_rfp_sa
#Using factor: 1.15855
#q / A-1 	 I / cm-1 	 sI / cm-10.00313078	9.4461563265	1.108176246
0.00346991	12.70628127	2.7370627895
0.00352757	7.1901582535	1.0631341391
0.0038589	4.0314875335	1.984572979
0.00392039	8.047172445	0.97143606515
0.00424792	6.8086013965	2.22626968
0.00431158	5.509391841	0.74071083265
0.00463695	8.911080009	2.359850495
0.00469854	5.145468115	0.73733018375
0.00502976	5.214239643	1.3743531085
0.00510448	6.537859847	0.75385342385
0.00541855	9.712170992	1.6849140215
0.0054909	4.95233783	0.6665277176
0.00580738	6.802611693	1.4461832085
0.00587774	5.2070218765	0.6552851484
0.00619625	5.820207635	1.343663119
0.00627537	6.290208199	0.63448106605
0.00658781	7.848226239	1.367737788
0.00666536	4.6774023295	0.58384547975
0.00697858	5.9898772825	1.09364687045
0.00705575	5.957217758	0.6440889212
0.00736728	4.2138433035	0.9451172848
0.00745333	4.8440713325	0.52701165095
0.00775602	2.8056952915	0.83779037135
0.00783994	5.2231257215	0.55152425185
0.00814479	6.963626972	1.174723358
0.00823134	6.4519070225	0.58262900225
0.00853639	4.718843663	0.9198608948
0.00862753	4.859908711	0.4968928266
0.00892736	5.3287854815	0.88679935345
0.00901712	5.2531785085	0.5161942696
0.009316	6.378860445	0.96859298345
0.00940991	5.0114818075	0.47885536165
0.00970468	4.503028969	0.85457080955
0.00980186	5.4742993615	0.4920385021
0.0100934	4.3302080655	0.8505726535
0.0101885	5.049285294	0.47342639635
0.0104821	4.690783582	0.85351421195
0.0105813	4.963761133	0.45228054175
0.0108761	5.107374991	0.766844245
0.0109785	4.8174246825	0.44810281045
0.0112647	5.4058290565	0.7948881063
0.0113652	5.401832059	0.46815499385
0.0116533	3.0598811615	0.6193515616
0.011754	4.904582399	0.44066955365
0.0120157	5.573505998	0.7567370548
0.0121465	4.586120175	0.4088198556
0.012416	4.799015323	0.72034815785
0.0125368	5.2032218325	0.4291477739
0.0128247	4.8536641265	0.7023848401
0.0129324	4.1446778685	0.39775917875
0.0131924	3.472938993	0.57515635475
0.0133191	4.330057454	0.39958273645
0.0135803	3.7271596195	0.5886384011
0.0137059	4.306376692	0.3940066353
0.0139682	2.81736189	0.53562894585
0.0141043	3.650266656	0.3517288287
0.0143607	4.7595666955	0.65285335195
0.014491	4.142140644	0.3674109615
0.0147524	3.87534975	0.5599225808
0.0148798	4.5722755025	0.3868954554
0.0151382	4.0778758755	0.5390825834
0.0152739	4.012197676	0.35770810525
0.0155209	3.205383456	0.47690899765
0.0156639	3.357964491	0.33378404775
0.0159157	3.03794981	0.4767943012
0.0160565	3.96780204	0.34571016145
0.016307	2.9872169055	0.47619301375
0.0164459	3.8974201275	0.34672041705
0.0166942	3.3943082045	0.47483519315
0.0168345	3.4157413795	0.32411015525
0.0170852	2.9709508635	0.44288238415
0.0172263	3.0894936995	0.31862094535
0.0174764	3.305273637	0.43507144005
0.0176226	3.1862326245	0.3194701625
0.0178723	3.039131531	0.3977788741
0.0180159	2.6799926165	0.29826522185
0.0182656	2.4115334105	0.36756968285
0.0184026	2.654910009	0.30284381145
0.0186498	3.135893627	0.37090630685
0.0187933	2.7194296585	0.3116986091
0.0190378	2.6123332965	0.33354770355
0.0191903	2.827533959	0.31117842015
0.0194336	2.4609803245	0.34076315295
0.0195826	2.883561437	0.30741081555
0.0198245	2.3496900115	0.29766277585
0.0199735	2.7612069715	0.3061653743
0.020212	3.1026316565	0.34482502925
0.0203601	2.5037308195	0.29495872015
0.0206015	2.1388107405	0.290517998
0.0207519	2.3912819565	0.28591044465
0.0209901	2.3729536955	0.281828873
0.0211488	2.1619122275	0.2781400498
0.0213856	2.198302283	0.27478604755
0.0215405	1.769916835	0.2526519498
0.0217764	2.2645365865	0.2867921012
0.021927	2.4444594015	0.29071379295
0.0221594	2.2638414565	0.26607375155
0.0223137	2.0573183335	0.27590057265
0.0225519	2.323865932	0.2599508148
0.0227129	1.7879091165	0.2607293604
0.0229464	1.93408337	0.2441366073
0.0231047	1.6589625015	0.25583448665
0.0233336	1.926043033	0.24293287385
0.023494	1.7058142635	0.2536112292
0.0237235	1.955447032	0.2391895988
0.0238806	1.3231683695	0.24085675225
0.0241134	1.814381984	0.2339622212
0.0242746	1.8791796855	0.26681522355
0.0245052	1.3111426205	0.2033116224
0.0246687	1.58350614	0.2535973266
0.0248883	1.2254794335	0.2673261441
0.025059	1.2476309095	0.29913181725
0.0252515	1.7481476805	0.5327986082
0.0279923	0.8866429492	0.15786286445
0.0281847	0.995379818	0.2266309168
0.0283933	0.7584632943	0.1467512114
0.0285748	0.9791809719	0.22158079735
0.0287913	0.5996631629	0.13830190625
0.0289693	1.06832328455	0.19945480945
0.0292041	0.63968990685	0.1421795731
0.029364	0.66152162305	0.1784792617
0.0296019	0.93350282105	0.1652926456
0.029744	0.2973812482	0.1442417921
0.0299872	0.6987887009	0.1695236702
0.0301266	0.5242137527	0.13671237565
0.0303502	0.84792536675	0.21792904775
0.0305193	0.58535159475	0.1281286787
0.0307372	0.253768792	0.16415610805
0.0309267	0.58117618055	0.122064828
0.0311264	0.2933703481	0.1625329795
0.0313279	0.527348789	0.12507126525
0.0315066	0.399861947	0.1678831634
0.031734	0.3610899127	0.115436879305
0.0319009	0.2764230787	0.1605101512
0.0321344	0.1551669186	0.10624390091
0.0322798	0.37851102905	0.158327443
0.0325292	0.3334214216	0.12017755005
0.0326674	0.4043501697	0.13548894685
0.032906	0.6295722897	0.1626442003
0.0330516	0.3182745389	0.112637822505
0.0332617	0.057674588535	0.14842763325
0.0334501	0.3135383865	0.09823067398
0.0336655	0.3318226226	0.15385428145
0.0338626	0.4396836276	0.111599066575
0.0340568	0.30501493415	0.15574966925
0.0342656	0.1999124367	0.09995645006
0.0344396	0.2426490291	0.15769835035
0.0346728	0.2592765387	0.10837401094
0.0348276	0.2269228714	0.14518832745
0.035067	0.2588965343	0.113367477295
0.0352067	0.24978453855	0.1197616306
0.035467	0.06604569156	0.097052081065
0.035604	0.0836774323	0.110852496955
0.0358134	0.10526979207	0.14251207695
0.0359835	0.1437320301	0.088513799275
0.0362027	0.12486272625	0.16450135595
#0.0363922	-0.11045036425	0.074027985205
#0.0365938	0.076782321975	0.1512046776
#0.0367953	0.189700977	0.08856164739
#0.0369792	0.16644771995	0.1357148641
#0.0372088	0.113839470565	0.08670611371
#0.0373758	0.1687659785	0.12504577715
#0.0376087	0.13986131455	0.097609111905
#0.0377597	0.030979974565	0.104800926885
#0.0380041	-0.022258178455	0.095499160645
#0.0381452	0.090651555735	0.0954390319
#0.0384007	0.24561375855	0.1206467628
#0.0385336	0.31598871975	0.11126320293
#0.0387408	0.14557528315	0.13529199335
#0.03892	0.03388897776	0.082294702875
#0.0391318	0.2339599041	0.15207011445
#0.0393295	0.042551340255	0.080024176585
#0.0395163	0.20942065655	0.13808873305
#0.0397299	-0.029884681395	0.07601663628
#0.0398973	-0.01831157788	0.11345633808
#0.0401381	0.09174372082	0.079515573135
#0.040297	0.05727245583	0.110404601525
#0.0405379	0.10757994077	0.091269526305
#0.0406888	0.1211449393	0.10870025862
#0.0409328	0.091167805615	0.093813238685
#0.0410776	0.072684298915	0.088099733505
#0.0412909	0.1492374597	0.1433682454
#0.0414847	-0.14005595095	0.1550302097
