# q / A-1 	 Counts 	 sCounts
2.847353708642045168e-03 7.907590000000000000e+06 2.812043740769335727e+03
3.559192095145358690e-03 6.057550000000000000e+06 2.461209052478070134e+03
4.271030454543874207e-03 5.583380000000000000e+06 2.362917687944292538e+03
4.982868781416634196e-03 5.961920000000000000e+06 2.441704322804053390e+03
5.694707070342677237e-03 6.625720000000000000e+06 2.574047396611025761e+03
6.406545315901047109e-03 7.333370000000000000e+06 2.708019571568861465e+03
7.118383512670783259e-03 8.102410000000000000e+06 2.846473256505319569e+03
7.830221655230928599e-03 8.858000000000000000e+06 2.976239237695787324e+03
8.542059738160526910e-03 9.623550000000000000e+06 3.102184714036222431e+03
9.253897756038621109e-03 1.037360000000000000e+07 3.220807352202239144e+03
9.965735703444254107e-03 1.113170000000000000e+07 3.336420237320232900e+03
1.067757357495646708e-02 1.185650000000000000e+07 3.443326879632545115e+03
1.138941136515430989e-02 1.257870000000000000e+07 3.546646303199685917e+03
1.210124906861682718e-02 1.328190000000000000e+07 3.644434112451478995e+03
1.281308667992305667e-02 1.399050000000000000e+07 3.740387680441694556e+03
1.352492419365205166e-02 1.466200000000000000e+07 3.829099110756993923e+03
1.423676160438286376e-02 1.533980000000000000e+07 3.916605673283946999e+03
1.494859890669453240e-02 1.597190000000000000e+07 3.996485956437230016e+03
1.566043609516611437e-02 1.660810000000000000e+07 4.075303669666838232e+03
1.637227316437665087e-02 1.720160000000000000e+07 4.147481163308641044e+03
1.708411010890519693e-02 1.779540000000000000e+07 4.218459434438122116e+03
1.779594692333081110e-02 1.836290000000000000e+07 4.285195444784286337e+03
1.850778360223253802e-02 1.893000000000000000e+07 4.350861983561418128e+03
1.921962014018942927e-02 1.944490000000000000e+07 4.409637173283081211e+03
1.993145653178054685e-02 1.995490000000000000e+07 4.467090775885352741e+03
2.064329277158493542e-02 2.041390000000000000e+07 4.518174410090871788e+03
2.135512885418166390e-02 2.086790000000000000e+07 4.568139665115329990e+03
2.206696477414978735e-02 2.127970000000000000e+07 4.612992521129857778e+03
2.277880052606836778e-02 2.168580000000000000e+07 4.656801477409145264e+03
2.349063610451646023e-02 2.203530000000000000e+07 4.694177244203716327e+03
2.420247150407312670e-02 2.238170000000000000e+07 4.730930141103332971e+03
2.491430671931742918e-02 2.266070000000000000e+07 4.760325619114725669e+03
2.562614174482844356e-02 2.290540000000000000e+07 4.785958629156754796e+03
2.633797657518522489e-02 2.309040000000000000e+07 4.805247132042221892e+03
2.704981120496683863e-02 2.319550000000000000e+07 4.816170678038725782e+03
2.776164562875236760e-02 2.318470000000000000e+07 4.815049324773319313e+03
2.847347984112087380e-02 2.302980000000000000e+07 4.798937382379561313e+03
2.918531383665142614e-02 2.256980000000000000e+07 4.750768358907851507e+03
2.989714760992311093e-02 2.143760000000000000e+07 4.630075593335383019e+03
3.060898115551500057e-02 1.883910000000000000e+07 4.340403207076504259e+03
3.132081446800615704e-02 1.400450000000000000e+07 3.742258676254221882e+03
3.203264754197568398e-02 1.105970000000000000e+07 3.325612725498866439e+03
3.274448037200264339e-02 1.208420000000000000e+07 3.476233593992210444e+03
3.345631295266612154e-02 1.343380000000000000e+07 3.665214864097328700e+03
3.416814527854520472e-02 1.397450000000000000e+07 3.738248252858549677e+03
3.487997734421898616e-02 1.383860000000000000e+07 3.720026881623303325e+03
3.559180914426655906e-02 1.332730000000000000e+07 3.650657475031038757e+03
3.630364067326698890e-02 1.260410000000000000e+07 3.550225344960514121e+03
3.701547192579940360e-02 1.173380000000000000e+07 3.425463472291012295e+03
3.772730289644286167e-02 1.079850000000000000e+07 3.286107119373925798e+03
3.843913357977649103e-02 9.810750000000000000e+06 3.132211678670520541e+03
3.915096397037937798e-02 8.834110000000000000e+06 2.972223073727811425e+03
3.986279406283061572e-02 7.842360000000000000e+06 2.800421396861550875e+03
4.057462385170931135e-02 6.907780000000000000e+06 2.628265587797397529e+03
4.128645333159459280e-02 6.003580000000000000e+06 2.450220398249920891e+03
4.199828249706554634e-02 5.167420000000000000e+06 2.273195988030948683e+03
4.271011134270128601e-02 4.380200000000000000e+06 2.092892734948449288e+03
4.342193986308093279e-02 3.677930000000000000e+06 1.917793002385815271e+03
4.413376805278359377e-02 3.045570000000000000e+06 1.745156153471659991e+03
4.484559590638839688e-02 2.500860000000000000e+06 1.581410762578780577e+03
4.555742341847445614e-02 2.020730000000000000e+06 1.421523830261033709e+03
4.626925058362089255e-02 1.618690000000000000e+06 1.272277485456690783e+03
4.698107739640684094e-02 1.280030000000000000e+06 1.131384108072939171e+03
4.769290385141141536e-02 1.008750000000000000e+06 1.004365471330033301e+03
4.840472994321376454e-02 7.893170000000000000e+05 8.884351411329923849e+02
4.911655566639300252e-02 6.174910000000000000e+05 7.858059556913525512e+02
4.982838101552829885e-02 4.836060000000000000e+05 6.954178599949817681e+02
5.054020598519876062e-02 3.847580000000000000e+05 6.202886424883176915e+02
5.125203056998355045e-02 3.080210000000000000e+05 5.549963963846972774e+02
5.196385476446181012e-02 2.535280000000000000e+05 5.035156402734675680e+02
5.267567856321268838e-02 2.105720000000000000e+05 4.588812482549270726e+02
5.338750196081532007e-02 1.803670000000000000e+05 4.246963621223991368e+02
5.409932495184887474e-02 1.594230000000000000e+05 3.992780985729119720e+02
5.481114753089252195e-02 1.420210000000000000e+05 3.768567367050773669e+02
5.552296969252541042e-02 1.284140000000000000e+05 3.583489919059351791e+02
5.623479143132670277e-02 1.174460000000000000e+05 3.427039538727267427e+02
5.694661274187556854e-02 1.076630000000000000e+05 3.281204047297272268e+02
5.765843361875119116e-02 9.903000000000000000e+04 3.146903239694541412e+02
5.837025405653269855e-02 9.151700000000000000e+04 3.025177680732158478e+02
5.908207404979932964e-02 8.250600000000000000e+04 2.872385767963627927e+02
5.979389359313021929e-02 7.518100000000000000e+04 2.741915388920672285e+02
6.050571268110459255e-02 6.811700000000000000e+04 2.609923370522590744e+02
6.121753130830159817e-02 6.163500000000000000e+04 2.482639724164583583e+02
6.192934946930045426e-02 5.528300000000000000e+04 2.351233718710243465e+02
6.264116715868033036e-02 5.039000000000000000e+04 2.244771703314169997e+02
6.335298437102045155e-02 4.559800000000000000e+04 2.135368820602192841e+02
6.406480110090000124e-02 4.208300000000000000e+04 2.051414146387803328e+02
6.477661734289819062e-02 3.845800000000000000e+04 1.961071135884672572e+02
6.548843309159421699e-02 3.542800000000000000e+04 1.882232716748914640e+02
6.620024834156733318e-02 3.350200000000000000e+04 1.830355156793347646e+02
6.691206308739670872e-02 3.184000000000000000e+04 1.784376641855637047e+02
6.762387732366158255e-02 3.059300000000000000e+04 1.749085475327034942e+02
6.833569104494117974e-02 2.990200000000000000e+04 1.729219477105205272e+02
6.904750424581476698e-02 2.906700000000000000e+04 1.704904689418150383e+02
6.975931692086148606e-02 2.836000000000000000e+04 1.684042754801670583e+02
7.047112906466067306e-02 2.792900000000000000e+04 1.671197175679758118e+02
7.118294067179149753e-02 2.774200000000000000e+04 1.665592987497245758e+02
7.189475173683324005e-02 2.729700000000000000e+04 1.652180377561723787e+02
7.260656225436511180e-02 2.672900000000000000e+04 1.634900608599801046e+02
7.331837221896642109e-02 2.615600000000000000e+04 1.617281669963522575e+02
7.403018162521639300e-02 2.562700000000000000e+04 1.600843527644098003e+02
7.474199046769429422e-02 2.482300000000000000e+04 1.575531656298914243e+02
7.545379874097937756e-02 2.384400000000000000e+04 1.544150251756609293e+02
7.616560643965092359e-02 2.258100000000000000e+04 1.502697574364183311e+02
7.687741355828821288e-02 2.134600000000000000e+04 1.461027036026370070e+02
7.758922009147052601e-02 2.001100000000000000e+04 1.414602417642497869e+02
7.830102603377714354e-02 1.891400000000000000e+04 1.375281789307194913e+02
7.901283137978733218e-02 1.733700000000000000e+04 1.316700421508248837e+02
7.972463612408040023e-02 1.614200000000000000e+04 1.270511707935035162e+02
8.043644026123564217e-02 1.483200000000000000e+04 1.217866987811066366e+02
8.114824378583236630e-02 1.348300000000000000e+04 1.161163209889118093e+02
8.186004669244986709e-02 1.252100000000000000e+04 1.118972743189037686e+02
8.257184897566749449e-02 1.150100000000000000e+04 1.072427153703224718e+02
8.328365063006451519e-02 1.058400000000000000e+04 1.028785691968934799e+02
8.399545165022025139e-02 9.711000000000000000e+03 9.854440623394104648e+01
8.470725203071406695e-02 9.023000000000000000e+03 9.498947310097051400e+01
8.541905176612525630e-02 8.534000000000000000e+03 9.237965143904797571e+01
8.613085085103316940e-02 8.059000000000000000e+03 8.977193325310534533e+01
8.684264928001715622e-02 7.800000000000000000e+03 8.831760866327846315e+01
8.755444704765653896e-02 7.404000000000000000e+03 8.604649905719581682e+01
8.826624414853066758e-02 7.326000000000000000e+03 8.559205570612263614e+01
8.897804057721891979e-02 7.247000000000000000e+03 8.512931340026183591e+01
8.968983632830064556e-02 7.124000000000000000e+03 8.440379138403676507e+01
9.040163139635520873e-02 7.315000000000000000e+03 8.552777326693359328e+01
9.111342577596197312e-02 7.518000000000000000e+03 8.670640114778147733e+01
9.182521946170033034e-02 7.425000000000000000e+03 8.616843969807042924e+01
9.253701244814964422e-02 7.369000000000000000e+03 8.584287972802403033e+01
9.324880472988930635e-02 7.257000000000000000e+03 8.518802732778826226e+01
9.396059630149873609e-02 7.270000000000000000e+03 8.526429498916883176e+01
9.467238715755728340e-02 7.354000000000000000e+03 8.575546629807338661e+01
9.538417729264436762e-02 7.314000000000000000e+03 8.552192701290120169e+01
9.609596670133940810e-02 6.904000000000000000e+03 8.309031231136395945e+01
9.680775537822183807e-02 6.891000000000000000e+03 8.301204731844649132e+01
9.751954331787103525e-02 6.781000000000000000e+03 8.234682750416071428e+01
9.823133051486640510e-02 6.495000000000000000e+03 8.059156283383515529e+01
9.894311696378745025e-02 6.102000000000000000e+03 7.811529939774922582e+01
9.965490265921357615e-02 5.909000000000000000e+03 7.687002016391045345e+01
1.003666875957242161e-01 5.752000000000000000e+03 7.584194090343416406e+01
1.010784717678988170e-01 5.480000000000000000e+03 7.402702209328698757e+01
1.017902551703168262e-01 5.021000000000000000e+03 7.085901495222749702e+01
1.025020377975577324e-01 4.610000000000000000e+03 6.789698078707182560e+01
1.032138196442009825e-01 4.505000000000000000e+03 6.711929677819934170e+01
1.039256007048260377e-01 4.217000000000000000e+03 6.493843238021688080e+01
1.046373809740123728e-01 3.964000000000000000e+03 6.296030495478877498e+01
1.053491604463395181e-01 3.794000000000000000e+03 6.159545437773797261e+01
1.060609391163868931e-01 3.448000000000000000e+03 5.871967302361279195e+01
1.067727169787340419e-01 3.263000000000000000e+03 5.712267500739088888e+01
1.074844940279604394e-01 3.056000000000000000e+03 5.528109984434101420e+01
1.081962702586456299e-01 2.972000000000000000e+03 5.451605268175604380e+01
1.089080456653691020e-01 2.945000000000000000e+03 5.426785420486054079e+01
1.096198202427103585e-01 2.864000000000000000e+03 5.351635264103860834e+01
1.103315939852489574e-01 2.740000000000000000e+03 5.234500931320960149e+01
1.110433668875644292e-01 2.643000000000000000e+03 5.141011573610781227e+01
1.117551389442362902e-01 2.615000000000000000e+03 5.113707070218238471e+01
1.124669101498440987e-01 2.644000000000000000e+03 5.141984052872976463e+01
1.131786804989674267e-01 2.667000000000000000e+03 5.164300533470142796e+01
1.138904499861857905e-01 2.648000000000000000e+03 5.145872132107442809e+01
1.146022186060788040e-01 2.692000000000000000e+03 5.188448708429138634e+01
1.153139863532259973e-01 2.643000000000000000e+03 5.141011573610781227e+01
1.160257532222069426e-01 2.632000000000000000e+03 5.130302135352263804e+01
1.167375192076012813e-01 2.599000000000000000e+03 5.098038838612354340e+01
1.174492843039885714e-01 2.546000000000000000e+03 5.045790324617145473e+01
1.181610485059484128e-01 2.575000000000000000e+03 5.074445782546109740e+01
1.188728118080604051e-01 2.559000000000000000e+03 5.058655947976695444e+01
1.195845742049041621e-01 2.510000000000000000e+03 5.009990019950139839e+01
1.202963356910593390e-01 2.460000000000000000e+03 4.959838707054898066e+01
1.210080962611055078e-01 2.338000000000000000e+03 4.835286961494632862e+01
1.217198559096223237e-01 2.369000000000000000e+03 4.867237409455182728e+01
1.224316146311894421e-01 2.228000000000000000e+03 4.720169488482378739e+01
1.231433724203864905e-01 2.274000000000000000e+03 4.768647607026545643e+01
1.238551292717931240e-01 2.207000000000000000e+03 4.697871858618537999e+01
1.245668851799890259e-01 2.065000000000000000e+03 4.544227107000705246e+01
1.252786401395538096e-01 2.092000000000000000e+03 4.573838650411708784e+01
1.259903941450672138e-01 1.967000000000000000e+03 4.435087372307337006e+01
1.267021471911089492e-01 1.842000000000000000e+03 4.291852746774986826e+01
1.274138992722586017e-01 1.816000000000000000e+03 4.261455150532503211e+01
1.281256503830959237e-01 1.690000000000000000e+03 4.110960958218893069e+01
1.288374005182006399e-01 1.723000000000000000e+03 4.150903516103451807e+01
1.295491496721524471e-01 1.631000000000000000e+03 4.038564101261734152e+01
1.302608978395310424e-01 1.523000000000000000e+03 3.902563260217571184e+01
1.309726450149161781e-01 1.583000000000000000e+03 3.978693252815552484e+01
1.316843911928875788e-01 1.513000000000000000e+03 3.889730067755344578e+01
1.323961363680250525e-01 1.518000000000000000e+03 3.896151947755631539e+01
1.331078805349082128e-01 1.475000000000000000e+03 3.840572873934303999e+01
1.338196236881168955e-01 1.462000000000000000e+03 3.823610858861032114e+01
1.345313658222309083e-01 1.411000000000000000e+03 3.756327994198589693e+01
1.352431069318299484e-01 1.437000000000000000e+03 3.790778284204973403e+01
1.359548470114938790e-01 1.415000000000000000e+03 3.761648574760805275e+01
1.366665860558023970e-01 1.360000000000000000e+03 3.687817782917154830e+01
1.373783240593353938e-01 1.326000000000000000e+03 3.641428291206624834e+01
1.380900610166725939e-01 1.321000000000000000e+03 3.634556369077249371e+01
1.388017969223938608e-01 1.310000000000000000e+03 3.619392214170771638e+01
1.395135317710789469e-01 1.290000000000000000e+03 3.591656999213594048e+01
1.402252655573077711e-01 1.245000000000000000e+03 3.528455752875470353e+01
1.409369982756601691e-01 1.289000000000000000e+03 3.590264614203248072e+01
1.416487299207158934e-01 1.296000000000000000e+03 3.600000000000000000e+01
1.423604604870548629e-01 1.250000000000000000e+03 3.535533905932737753e+01
1.430721899692569410e-01 1.184000000000000000e+03 3.440930106817050671e+01
1.437839183619019634e-01 1.184000000000000000e+03 3.440930106817050671e+01
1.444956456595698491e-01 1.158000000000000000e+03 3.402939905434710965e+01
1.452073718568404614e-01 1.124000000000000000e+03 3.352610922848042208e+01
1.459190969482937195e-01 1.120000000000000000e+03 3.346640106136302251e+01
1.466308209285094866e-01 1.098000000000000000e+03 3.313608305156178346e+01
1.473425437920677095e-01 1.091000000000000000e+03 3.303028912982748722e+01
1.480542655335482793e-01 1.053000000000000000e+03 3.244996147917590434e+01
1.487659861475311429e-01 1.003000000000000000e+03 3.167017524422623254e+01
1.494777056285962469e-01 9.400000000000000000e+02 3.065941943351178267e+01
1.501894239713235379e-01 9.160000000000000000e+02 3.026549190084311292e+01
1.509011411702929351e-01 9.130000000000000000e+02 3.021588985947625616e+01
1.516128572200844404e-01 9.140000000000000000e+02 3.023243291566194912e+01
1.523245721152780008e-01 8.770000000000000000e+02 2.961418578992169515e+01
1.530362858504535906e-01 8.390000000000000000e+02 2.896549671592047659e+01
1.537479984201912675e-01 8.050000000000000000e+02 2.837252191822221548e+01
1.544597098190709228e-01 7.380000000000000000e+02 2.716615541441224835e+01
1.551714200416726974e-01 8.230000000000000000e+02 2.868797657556210368e+01
1.558831290825765103e-01 7.620000000000000000e+02 2.760434748368452063e+01
1.565948369363623915e-01 7.910000000000000000e+02 2.812472222085046525e+01
1.573065435976103710e-01 8.090000000000000000e+02 2.844292530665578411e+01
1.580182490609005341e-01 7.770000000000000000e+02 2.787471972953270694e+01
1.587299533208129110e-01 7.730000000000000000e+02 2.780287754891568852e+01
1.594416563719275870e-01 7.170000000000000000e+02 2.677685567799176880e+01
1.601533582088245644e-01 7.450000000000000000e+02 2.729468812791236232e+01
1.608650588260840120e-01 7.110000000000000000e+02 2.666458325194676604e+01
1.615767582182859874e-01 7.240000000000000000e+02 2.690724809414741969e+01
1.622884563800105762e-01 6.970000000000000000e+02 2.640075756488817049e+01
1.630001533058379193e-01 6.630000000000000000e+02 2.574878637916746627e+01
1.637118489903480467e-01 6.690000000000000000e+02 2.586503431275512455e+01
1.644235434281212105e-01 6.840000000000000000e+02 2.615339366124404208e+01
1.651352366137374961e-01 6.760000000000000000e+02 2.600000000000000000e+01
1.658469285417769890e-01 6.690000000000000000e+02 2.586503431275512455e+01
1.665586192068199134e-01 6.560000000000000000e+02 2.561249694973139412e+01
1.672703086034464104e-01 6.950000000000000000e+02 2.636285265292813662e+01
1.679819967262366764e-01 6.290000000000000000e+02 2.507987240796890660e+01
1.686936835697709081e-01 5.830000000000000000e+02 2.414539293529927377e+01
1.694053691286292185e-01 6.350000000000000000e+02 2.519920633670830412e+01
1.701170533973919152e-01 6.610000000000000000e+02 2.570992026436488231e+01
1.708287363706391393e-01 6.180000000000000000e+02 2.485960578931210563e+01
1.715404180429511705e-01 5.900000000000000000e+02 2.428991560298223717e+01
1.722520984089081497e-01 5.620000000000000000e+02 2.370653918225939449e+01
1.729637774630904401e-01 5.780000000000000000e+02 2.404163056034261459e+01
1.736754552000782659e-01 5.420000000000000000e+02 2.328089345364563201e+01
1.743871316144518235e-01 5.430000000000000000e+02 2.330236039546208815e+01
1.750988067007914484e-01 5.290000000000000000e+02 2.300000000000000000e+01
1.758104804536773647e-01 4.990000000000000000e+02 2.233830790368867625e+01
1.765221528676899632e-01 4.960000000000000000e+02 2.227105745132008607e+01
1.772338239374094682e-01 5.090000000000000000e+02 2.256102834535695578e+01
1.779454936574162149e-01 5.110000000000000000e+02 2.260530911091462869e+01
1.786571620222905110e-01 4.840000000000000000e+02 2.200000000000000000e+01
1.793688290266127472e-01 4.620000000000000000e+02 2.149418526020467723e+01
1.800804946649632310e-01 4.510000000000000000e+02 2.123676058159530200e+01
1.807921589319223810e-01 4.620000000000000000e+02 2.149418526020467723e+01
1.815038218220704214e-01 4.370000000000000000e+02 2.090454496036687360e+01
1.822154833299878818e-01 4.500000000000000000e+02 2.121320343559642652e+01
1.829271434502550142e-01 4.480000000000000000e+02 2.116601048851672573e+01
1.836388021774523482e-01 4.430000000000000000e+02 2.104756517984918673e+01
1.843504595061601914e-01 4.500000000000000000e+02 2.121320343559642652e+01
1.850621154309590455e-01 4.180000000000000000e+02 2.044504830026087205e+01
1.857737699464292458e-01 4.360000000000000000e+02 2.088061301782110135e+01
1.864854230471513219e-01 3.850000000000000000e+02 1.962141687034858251e+01
1.871970747277056646e-01 3.780000000000000000e+02 1.944222209522358114e+01
1.879087249826728034e-01 3.850000000000000000e+02 1.962141687034858251e+01
1.886203738066331015e-01 3.780000000000000000e+02 1.944222209522358114e+01
1.893320211941671993e-01 4.140000000000000000e+02 2.034698994937580352e+01
1.900436671398554322e-01 3.410000000000000000e+02 1.846618531261938756e+01
1.907553116382783853e-01 3.490000000000000000e+02 1.868154169226940553e+01
1.914669546840165881e-01 3.870000000000000000e+02 1.967231557290600108e+01
1.921785962716505147e-01 3.500000000000000000e+02 1.870828693386970798e+01
1.928902363957607780e-01 3.610000000000000000e+02 1.900000000000000000e+01
1.936018750509279351e-01 3.470000000000000000e+02 1.862793601019715695e+01
1.943135122317323771e-01 3.340000000000000000e+02 1.827566688249706672e+01
1.950251479327549387e-01 3.580000000000000000e+02 1.892088792842450218e+01
1.957367821485759274e-01 3.520000000000000000e+02 1.876166303929371892e+01
1.964484148737761504e-01 3.390000000000000000e+02 1.841195263952196726e+01
1.971600461029361928e-01 3.290000000000000000e+02 1.813835714721705372e+01
1.978716758306365009e-01 3.170000000000000000e+02 1.780449381476485726e+01
1.985833040514579650e-01 3.330000000000000000e+02 1.824828759089465890e+01
1.992949307599810038e-01 2.870000000000000000e+02 1.694107434609741603e+01
2.000065559507863411e-01 3.230000000000000000e+02 1.797220075561142849e+01
2.007181796184547007e-01 2.850000000000000000e+02 1.688194301613413373e+01
2.014298017575666955e-01 2.860000000000000000e+02 1.691153452528776313e+01
2.021414223627030216e-01 3.200000000000000000e+02 1.788854381999831844e+01
2.028530414284444305e-01 3.070000000000000000e+02 1.752141546793523119e+01
2.035646589493715075e-01 3.050000000000000000e+02 1.746424919657297892e+01
2.042762749200651151e-01 2.860000000000000000e+02 1.691153452528776313e+01
2.049878893351059217e-01 2.710000000000000000e+02 1.646207763315432970e+01
2.056995021890746511e-01 3.180000000000000000e+02 1.783255450012700649e+01
2.064111134765521383e-01 2.950000000000000000e+02 1.717556403731766679e+01
2.071227231921190515e-01 2.720000000000000000e+02 1.649242250247064234e+01
2.078343313303562812e-01 2.550000000000000000e+02 1.596871942267131139e+01
2.085459378858445512e-01 2.910000000000000000e+02 1.705872210923197940e+01
2.092575428531646409e-01 2.690000000000000000e+02 1.640121946685672683e+01
2.099691462268974684e-01 2.490000000000000000e+02 1.577973383805949936e+01
2.106807480016238132e-01 2.620000000000000000e+02 1.618641405623864671e+01
2.113923481719244823e-01 2.930000000000000000e+02 1.711724276862369010e+01
2.121039467323803385e-01 2.780000000000000000e+02 1.667333200053306541e+01
2.128155436775723275e-01 2.740000000000000000e+02 1.655294535724684835e+01
2.135271390020812010e-01 2.500000000000000000e+02 1.581138830084189628e+01
2.142387327004879882e-01 2.470000000000000000e+02 1.571623364550171154e+01
2.149503247673734962e-01 2.610000000000000000e+02 1.615549442140351033e+01
2.156619151973186710e-01 2.640000000000000000e+02 1.624807680927192166e+01
2.163735039849044584e-01 2.340000000000000000e+02 1.529705854077835525e+01
2.170850911247117487e-01 2.290000000000000000e+02 1.513274595042155646e+01
2.177966766113216268e-01 2.390000000000000000e+02 1.545962483374030683e+01
2.185082604393148442e-01 2.480000000000000000e+02 1.574801574802362225e+01
2.192198426032725966e-01 2.620000000000000000e+02 1.618641405623864671e+01
2.199314230977757190e-01 2.370000000000000000e+02 1.539480431834065222e+01
2.206430019174052959e-01 2.520000000000000000e+02 1.587450786638754430e+01
2.213545790567423011e-01 2.340000000000000000e+02 1.529705854077835525e+01
2.220661545103678192e-01 2.220000000000000000e+02 1.489966442575133954e+01
2.227777282728628516e-01 1.960000000000000000e+02 1.400000000000000000e+01
2.234893003388085109e-01 2.010000000000000000e+02 1.417744687875782539e+01
2.242008707027857428e-01 2.370000000000000000e+02 1.539480431834065222e+01
2.249124393593757987e-01 1.990000000000000000e+02 1.410673597966588488e+01
2.256240063031595966e-01 2.370000000000000000e+02 1.539480431834065222e+01
2.263355715287183878e-01 2.100000000000000000e+02 1.449137674618943805e+01
2.270471350306331737e-01 1.960000000000000000e+02 1.400000000000000000e+01
2.277586968034852055e-01 1.770000000000000000e+02 1.330413469565007034e+01
2.284702568418555402e-01 1.840000000000000000e+02 1.356465996625053627e+01
2.291818151403254011e-01 2.230000000000000000e+02 1.493318452306807842e+01
2.298933716934758731e-01 2.160000000000000000e+02 1.469693845669906906e+01
2.306049264958882905e-01 1.940000000000000000e+02 1.392838827718411920e+01
2.313164795421437103e-01 2.060000000000000000e+02 1.435270009440732331e+01
2.320280308268233838e-01 1.810000000000000000e+02 1.345362404707370985e+01
2.327395803445086453e-01 1.720000000000000000e+02 1.311487704860400072e+01
2.334511280897805241e-01 1.830000000000000000e+02 1.352774925846868292e+01
2.341626740572204934e-01 2.190000000000000000e+02 1.479864858694874208e+01
2.348742182414096935e-01 1.870000000000000000e+02 1.367479433117734366e+01
2.355857606369294588e-01 2.110000000000000000e+02 1.452583904633394951e+01
2.362973012383610405e-01 1.800000000000000000e+02 1.341640786499873883e+01
2.370088400402857731e-01 1.740000000000000000e+02 1.319090595827291956e+01
2.377203770372849356e-01 1.780000000000000000e+02 1.334166406412633421e+01
2.384319122239399735e-01 1.700000000000000000e+02 1.303840481040529831e+01
2.391434455948320825e-01 1.660000000000000000e+02 1.288409872672512613e+01
2.398549771445427914e-01 1.720000000000000000e+02 1.311487704860400072e+01
2.405665068676533236e-01 1.770000000000000000e+02 1.330413469565007034e+01
2.412780347587451801e-01 1.770000000000000000e+02 1.330413469565007034e+01
2.419895608123997233e-01 1.790000000000000000e+02 1.337908816025965208e+01
2.427010850231983707e-01 1.720000000000000000e+02 1.311487704860400072e+01
2.434126073857225681e-01 1.680000000000000000e+02 1.296148139681572076e+01
2.441241278945537885e-01 1.690000000000000000e+02 1.300000000000000000e+01
2.448356465442733942e-01 1.640000000000000000e+02 1.280624847486569706e+01
2.455471633294629974e-01 1.510000000000000000e+02 1.228820572744450779e+01
2.462586782447039879e-01 1.760000000000000000e+02 1.326649916142159924e+01
2.469701912845778669e-01 1.900000000000000000e+02 1.378404875209022151e+01
2.476817024436662462e-01 1.670000000000000000e+02 1.292284798332008577e+01
2.483932117165505160e-01 1.540000000000000000e+02 1.240967364599085698e+01
2.491047190978123715e-01 1.580000000000000000e+02 1.256980508997653523e+01
2.498162245820332861e-01 1.470000000000000000e+02 1.212435565298214080e+01
2.505277281637948716e-01 1.450000000000000000e+02 1.204159457879229578e+01
2.512392298376787125e-01 1.580000000000000000e+02 1.256980508997653523e+01
2.519507295982663653e-01 1.470000000000000000e+02 1.212435565298214080e+01
2.526622274401395529e-01 1.770000000000000000e+02 1.330413469565007034e+01
2.533737233578798320e-01 1.410000000000000000e+02 1.187434208703791683e+01
2.540852173460688146e-01 1.590000000000000000e+02 1.260952021291849157e+01
2.547967093992882237e-01 1.660000000000000000e+02 1.288409872672512613e+01
2.555081995121197824e-01 1.530000000000000000e+02 1.236931687685298087e+01
2.562196876791451028e-01 1.770000000000000000e+02 1.330413469565007034e+01
2.569311738949458523e-01 1.650000000000000000e+02 1.284523257866512935e+01
2.576426581541039207e-01 1.790000000000000000e+02 1.337908816025965208e+01
2.583541404512009199e-01 1.380000000000000000e+02 1.174734012447073006e+01
2.590656207808186839e-01 1.380000000000000000e+02 1.174734012447073006e+01
2.597770991375387695e-01 1.490000000000000000e+02 1.220655561573370207e+01
2.604885755159432881e-01 1.450000000000000000e+02 1.204159457879229578e+01
2.612000499106137408e-01 1.300000000000000000e+02 1.140175425099137918e+01
2.619115223161321282e-01 1.220000000000000000e+02 1.104536101718726115e+01
2.626229927270802289e-01 1.460000000000000000e+02 1.208304597359457233e+01
2.633344611380397660e-01 1.280000000000000000e+02 1.131370849898476116e+01
2.640459275435927400e-01 1.390000000000000000e+02 1.178982612255159523e+01
2.647573919383211516e-01 1.450000000000000000e+02 1.204159457879229578e+01
2.654688543168065573e-01 1.390000000000000000e+02 1.178982612255159523e+01
2.661803146736310133e-01 1.590000000000000000e+02 1.260952021291849157e+01
2.668917730033764646e-01 1.320000000000000000e+02 1.148912529307605723e+01
2.676032293006249119e-01 1.270000000000000000e+02 1.126942766958464404e+01
2.683146835599581892e-01 1.520000000000000000e+02 1.232882800593795203e+01
2.690261357759582972e-01 1.400000000000000000e+02 1.183215956619923226e+01
2.697375859432072365e-01 1.400000000000000000e+02 1.183215956619923226e+01
2.704490340562869521e-01 1.340000000000000000e+02 1.157583690279022548e+01
2.711604801097795558e-01 1.390000000000000000e+02 1.178982612255159523e+01
2.718719240982669927e-01 1.130000000000000000e+02 1.063014581273464998e+01
2.725833660163312633e-01 1.320000000000000000e+02 1.148912529307605723e+01
2.732948058585545903e-01 1.270000000000000000e+02 1.126942766958464404e+01
2.740062436195190299e-01 1.370000000000000000e+02 1.170469991071962568e+01
2.747176792938064160e-01 1.260000000000000000e+02 1.122497216032182443e+01
2.754291128759991381e-01 1.510000000000000000e+02 1.228820572744450779e+01
2.761405443606791410e-01 1.240000000000000000e+02 1.113552872566004304e+01
2.768519737424287031e-01 1.180000000000000000e+02 1.086278049120021549e+01
2.775634010158299358e-01 1.070000000000000000e+02 1.034408043278860134e+01
2.782748261754649510e-01 1.380000000000000000e+02 1.174734012447073006e+01
2.789862492159159713e-01 1.090000000000000000e+02 1.044030650891055068e+01
2.796976701317652747e-01 1.120000000000000000e+02 1.058300524425836286e+01
2.804090889175949175e-01 1.160000000000000000e+02 1.077032961426900748e+01
2.811205055679872888e-01 1.330000000000000000e+02 1.153256259467079659e+01
2.818319200775246114e-01 1.460000000000000000e+02 1.208304597359457233e+01
2.825433324407891078e-01 1.130000000000000000e+02 1.063014581273464998e+01
2.832547426523630008e-01 1.150000000000000000e+02 1.072380529476360778e+01
2.839661507068287905e-01 1.130000000000000000e+02 1.063014581273464998e+01
2.846775565987686440e-01 1.060000000000000000e+02 1.029563014098700080e+01
2.853889603227649507e-01 1.160000000000000000e+02 1.077032961426900748e+01
2.861003618733999332e-01 1.170000000000000000e+02 1.081665382639196871e+01
2.868117612452562581e-01 1.220000000000000000e+02 1.104536101718726115e+01
2.875231584329158707e-01 1.060000000000000000e+02 1.029563014098700080e+01
2.882345534309616042e-01 1.290000000000000000e+02 1.135781669160054719e+01
2.889459462339756257e-01 1.160000000000000000e+02 1.077032961426900748e+01
2.896573368365404910e-01 1.120000000000000000e+02 1.058300524425836286e+01
2.903687252332384783e-01 1.000000000000000000e+02 1.000000000000000000e+01
2.910801114186522542e-01 1.190000000000000000e+02 1.090871211463571377e+01
2.917914953873641526e-01 1.070000000000000000e+02 1.034408043278860134e+01
2.925028771339568956e-01 1.250000000000000000e+02 1.118033988749894903e+01
2.932142566530126504e-01 1.370000000000000000e+02 1.170469991071962568e+01
2.939256339391142503e-01 9.800000000000000000e+01 9.899494936611665352e+00
2.946370089868441955e-01 1.090000000000000000e+02 1.044030650891055068e+01
2.953483817907849307e-01 1.080000000000000000e+02 1.039230484541326405e+01
2.960597523455191782e-01 1.070000000000000000e+02 1.034408043278860134e+01
2.967711206456293827e-01 1.150000000000000000e+02 1.072380529476360778e+01
2.974824866856982664e-01 1.230000000000000000e+02 1.109053650640941768e+01
2.981938504603086626e-01 1.130000000000000000e+02 1.063014581273464998e+01
2.989052119640427940e-01 1.270000000000000000e+02 1.126942766958464404e+01
2.996165711914836050e-01 1.190000000000000000e+02 1.090871211463571377e+01
3.003279281372138176e-01 1.060000000000000000e+02 1.029563014098700080e+01
3.010392827958160433e-01 1.080000000000000000e+02 1.039230484541326405e+01
3.017506351618730598e-01 1.270000000000000000e+02 1.126942766958464404e+01
3.024619852299675893e-01 9.700000000000000000e+01 9.848857801796103928e+00
3.031733329946822431e-01 1.080000000000000000e+02 1.039230484541326405e+01
3.038846784506000764e-01 9.400000000000000000e+01 9.695359714832658682e+00
3.045960215923037007e-01 9.600000000000000000e+01 9.797958971132711525e+00
3.053073624143760045e-01 1.080000000000000000e+02 1.039230484541326405e+01
3.060187009113997103e-01 8.900000000000000000e+01 9.433981132056603158e+00
3.067300370779577068e-01 1.160000000000000000e+02 1.077032961426900748e+01
3.074413709086331048e-01 1.020000000000000000e+02 1.009950493836207741e+01
3.081527023980083491e-01 9.900000000000000000e+01 9.949874371066199430e+00
3.088640315406667169e-01 9.000000000000000000e+01 9.486832980505138124e+00
3.095753583311909307e-01 1.220000000000000000e+02 1.104536101718726115e+01
3.102866827641639347e-01 9.200000000000000000e+01 9.591663046625438227e+00
3.109980048341687842e-01 1.170000000000000000e+02 1.081665382639196871e+01
3.117093245357884235e-01 8.500000000000000000e+01 9.219544457292887074e+00
3.124206418636056859e-01 9.800000000000000000e+01 9.899494936611665352e+00
3.131319568122038488e-01 9.500000000000000000e+01 9.746794344808963118e+00
3.138432693761656345e-01 9.300000000000000000e+01 9.643650760992954929e+00
3.145545795500743758e-01 1.120000000000000000e+02 1.058300524425836286e+01
3.152658873285128505e-01 1.030000000000000000e+02 1.014889156509221912e+01
3.159771927060645025e-01 8.800000000000000000e+01 9.380831519646859462e+00
3.166884956773121096e-01 7.600000000000000000e+01 8.717797887081347952e+00
3.173997962368389492e-01 1.050000000000000000e+02 1.024695076595959797e+01
3.181110943792280210e-01 9.000000000000000000e+01 9.486832980505138124e+00
3.188223900990627135e-01 9.900000000000000000e+01 9.949874371066199430e+00
3.195336833909259711e-01 1.100000000000000000e+02 1.048808848170151542e+01
3.202449742494011264e-01 8.400000000000000000e+01 9.165151389911679658e+00
3.209562626690712905e-01 1.080000000000000000e+02 1.039230484541326405e+01
3.216675486445197407e-01 8.300000000000000000e+01 9.110433579144299188e+00
3.223788321703298654e-01 9.900000000000000000e+01 9.949874371066199430e+00
3.230901132410846088e-01 9.000000000000000000e+01 9.486832980505138124e+00
3.238013918513674705e-01 1.130000000000000000e+02 1.063014581273464998e+01
3.245126679957617277e-01 1.100000000000000000e+02 1.048808848170151542e+01
3.252239416688507689e-01 1.060000000000000000e+02 1.029563014098700080e+01
3.259352128652178160e-01 9.300000000000000000e+01 9.643650760992954929e+00
3.266464815794462573e-01 1.000000000000000000e+02 1.000000000000000000e+01
3.273577478061194812e-01 1.170000000000000000e+02 1.081665382639196871e+01
3.280690115398209872e-01 1.170000000000000000e+02 1.081665382639196871e+01
3.287802727751339971e-01 1.170000000000000000e+02 1.081665382639196871e+01
3.294915315066420658e-01 9.100000000000000000e+01 9.539392014169456147e+00
3.302027877289286928e-01 1.090000000000000000e+02 1.044030650891055068e+01
3.309140414365772664e-01 8.200000000000000000e+01 9.055385138137417300e+00
3.316252926241713417e-01 1.020000000000000000e+02 1.009950493836207741e+01
3.323365412862943069e-01 1.050000000000000000e+02 1.024695076595959797e+01
3.330477874175297726e-01 9.000000000000000000e+01 9.486832980505138124e+00
3.337590310124614046e-01 9.100000000000000000e+01 9.539392014169456147e+00
3.344702720656725914e-01 1.070000000000000000e+02 1.034408043278860134e+01
3.351815105717469434e-01 9.800000000000000000e+01 9.899494936611665352e+00
3.358927465252682376e-01 8.400000000000000000e+01 9.165151389911679658e+00
3.366039799208199179e-01 9.500000000000000000e+01 9.746794344808963118e+00
3.373152107529857613e-01 6.400000000000000000e+01 8.000000000000000000e+00
3.380264390163492672e-01 1.010000000000000000e+02 1.004987562112088995e+01
3.387376647054943235e-01 9.000000000000000000e+01 9.486832980505138124e+00
3.394488878150045963e-01 9.300000000000000000e+01 9.643650760992954929e+00
3.401601083394636960e-01 9.200000000000000000e+01 9.591663046625438227e+00
3.408713262734554550e-01 8.800000000000000000e+01 9.380831519646859462e+00
3.415825416115635393e-01 8.100000000000000000e+01 9.000000000000000000e+00
3.422937543483718370e-01 9.400000000000000000e+01 9.695359714832658682e+00
3.430049644784643470e-01 8.100000000000000000e+01 9.000000000000000000e+00
3.437161719964244577e-01 9.500000000000000000e+01 9.746794344808963118e+00
3.444273768968362237e-01 9.500000000000000000e+01 9.746794344808963118e+00
3.451385791742835329e-01 8.100000000000000000e+01 9.000000000000000000e+00
3.458497788233502734e-01 9.000000000000000000e+01 9.486832980505138124e+00
3.465609758386204442e-01 7.500000000000000000e+01 8.660254037844387298e+00
3.472721702146777667e-01 9.500000000000000000e+01 9.746794344808963118e+00
3.479833619461062399e-01 8.200000000000000000e+01 9.055385138137417300e+00
3.486945510274899740e-01 1.000000000000000000e+02 1.000000000000000000e+01
3.494057374534127458e-01 9.000000000000000000e+01 9.486832980505138124e+00
3.501169212184587209e-01 8.600000000000000000e+01 9.273618495495703939e+00
3.508281023172118429e-01 9.100000000000000000e+01 9.539392014169456147e+00
3.515392807442562217e-01 8.100000000000000000e+01 9.000000000000000000e+00
3.522504564941758565e-01 9.500000000000000000e+01 9.746794344808963118e+00
3.529616295615548571e-01 9.300000000000000000e+01 9.643650760992954929e+00
3.536727999409772782e-01 7.000000000000000000e+01 8.366600265340755627e+00
3.543839676270274519e-01 9.200000000000000000e+01 9.591663046625438227e+00
3.550951326142892661e-01 8.500000000000000000e+01 9.219544457292887074e+00
3.558062948973471085e-01 8.800000000000000000e+01 9.380831519646859462e+00
3.565174544707849780e-01 9.900000000000000000e+01 9.949874371066199430e+00
3.572286113291871512e-01 1.110000000000000000e+02 1.053565375285273831e+01
3.579397654671379603e-01 9.900000000000000000e+01 9.949874371066199430e+00
3.586509168792215152e-01 9.100000000000000000e+01 9.539392014169456147e+00
3.593620655600222036e-01 8.900000000000000000e+01 9.433981132056603158e+00
3.600732115041241910e-01 9.800000000000000000e+01 9.899494936611665352e+00
3.607843547061119205e-01 9.300000000000000000e+01 9.643650760992954929e+00
3.614954951605697242e-01 9.300000000000000000e+01 9.643650760992954929e+00
3.622066328620817677e-01 8.600000000000000000e+01 9.273618495495703939e+00
3.629177678052326050e-01 8.300000000000000000e+01 9.110433579144299188e+00
3.636288999846066794e-01 8.100000000000000000e+01 9.000000000000000000e+00
3.643400293947883228e-01 8.200000000000000000e+01 9.055385138137417300e+00
3.650511560303618674e-01 1.090000000000000000e+02 1.044030650891055068e+01
3.657622798859119229e-01 9.000000000000000000e+01 9.486832980505138124e+00
3.664734009560230432e-01 1.000000000000000000e+02 1.000000000000000000e+01
3.671845192352794496e-01 9.400000000000000000e+01 9.695359714832658682e+00
3.678956347182658626e-01 6.400000000000000000e+01 8.000000000000000000e+00
3.686067473995668919e-01 7.600000000000000000e+01 8.717797887081347952e+00
3.693178572737670362e-01 8.900000000000000000e+01 9.433981132056603158e+00
3.700289643354507385e-01 8.700000000000000000e+01 9.327379053088815652e+00
3.707400685792027750e-01 8.300000000000000000e+01 9.110433579144299188e+00
3.714511699996077554e-01 7.600000000000000000e+01 8.717797887081347952e+00
3.721622685912504003e-01 9.300000000000000000e+01 9.643650760992954929e+00
3.728733643487151528e-01 8.700000000000000000e+01 9.327379053088815652e+00
3.735844572665869556e-01 9.700000000000000000e+01 9.848857801796103928e+00
3.742955473394503074e-01 9.300000000000000000e+01 9.643650760992954929e+00
3.750066345618900954e-01 9.500000000000000000e+01 9.746794344808963118e+00
3.757177189284911512e-01 8.900000000000000000e+01 9.433981132056603158e+00
3.764288004338381399e-01 8.700000000000000000e+01 9.327379053088815652e+00
3.771398790725157268e-01 8.500000000000000000e+01 9.219544457292887074e+00
3.778509548391090211e-01 1.040000000000000000e+02 1.019803902718556898e+01
3.785620277282027990e-01 9.000000000000000000e+01 9.486832980505138124e+00
3.792730977343817811e-01 1.020000000000000000e+02 1.009950493836207741e+01
3.799841648522309656e-01 8.400000000000000000e+01 9.165151389911679658e+00
3.806952290763352398e-01 7.400000000000000000e+01 8.602325267042626677e+00
3.814062904012796573e-01 7.200000000000000000e+01 8.485281374238569541e+00
3.821173488216489389e-01 7.400000000000000000e+01 8.602325267042626677e+00
3.828284043320283048e-01 6.900000000000000000e+01 8.306623862918074863e+00
3.835394569270025866e-01 7.000000000000000000e+01 8.366600265340755627e+00
3.842505066011568937e-01 8.000000000000000000e+01 8.944271909999159220e+00
3.849615533490763353e-01 7.400000000000000000e+01 8.602325267042626677e+00
3.856725971653457985e-01 6.600000000000000000e+01 8.124038404635960831e+00
3.863836380445504481e-01 7.700000000000000000e+01 8.774964387392122589e+00
3.870946759812756155e-01 7.900000000000000000e+01 8.888194417315588680e+00
3.878057109701060767e-01 8.500000000000000000e+01 9.219544457292887074e+00
3.885167430056271076e-01 1.000000000000000000e+02 1.000000000000000000e+01
3.892277720824240950e-01 7.100000000000000000e+01 8.426149773176359048e+00
3.899387981950820925e-01 9.100000000000000000e+01 9.539392014169456147e+00
3.906498213381862650e-01 8.300000000000000000e+01 9.110433579144299188e+00
3.913608415063218882e-01 8.500000000000000000e+01 9.219544457292887074e+00
3.920718586940743489e-01 7.700000000000000000e+01 8.774964387392122589e+00
3.927828728960287563e-01 7.100000000000000000e+01 8.426149773176359048e+00
3.934938841067706639e-01 7.500000000000000000e+01 8.660254037844387298e+00
3.942048923208852917e-01 6.900000000000000000e+01 8.306623862918074863e+00
3.949158975329578602e-01 7.700000000000000000e+01 8.774964387392122589e+00
3.956268997375739227e-01 5.800000000000000000e+01 7.615773105863908654e+00
3.963378989293190324e-01 7.300000000000000000e+01 8.544003745317530374e+00
3.970488951027782432e-01 6.600000000000000000e+01 8.124038404635960831e+00
3.977598882525372193e-01 7.700000000000000000e+01 8.774964387392122589e+00
3.984708783731814585e-01 7.000000000000000000e+01 8.366600265340755627e+00
3.991818654592964588e-01 7.000000000000000000e+01 8.366600265340755627e+00
3.998928495054676624e-01 8.000000000000000000e+01 8.944271909999159220e+00
4.006038305062807336e-01 6.500000000000000000e+01 8.062257748298549132e+00
4.013148084563211149e-01 6.700000000000000000e+01 8.185352771872450361e+00
4.020257833501745259e-01 8.200000000000000000e+01 9.055385138137417300e+00
4.027367551824264091e-01 7.400000000000000000e+01 8.602325267042626677e+00
4.034477239476626509e-01 9.100000000000000000e+01 9.539392014169456147e+00
4.041586896404686935e-01 5.500000000000000000e+01 7.416198487095662983e+00
4.048696522554303123e-01 8.600000000000000000e+01 9.273618495495703939e+00
4.055806117871332828e-01 7.800000000000000000e+01 8.831760866327847737e+00
4.062915682301631581e-01 7.900000000000000000e+01 8.888194417315588680e+00
4.070025215791058248e-01 6.500000000000000000e+01 8.062257748298549132e+00
4.077134718285471138e-01 7.700000000000000000e+01 8.774964387392122589e+00
4.084244189730726893e-01 7.400000000000000000e+01 8.602325267042626677e+00
4.091353630072684933e-01 8.000000000000000000e+01 8.944271909999159220e+00
4.098463039257203566e-01 9.500000000000000000e+01 9.746794344808963118e+00
4.105572417230140547e-01 7.600000000000000000e+01 8.717797887081347952e+00
4.112681763937355850e-01 7.400000000000000000e+01 8.602325267042626677e+00
4.119791079324708893e-01 7.300000000000000000e+01 8.544003745317530374e+00
4.126900363338058542e-01 6.900000000000000000e+01 8.306623862918074863e+00
4.134009615923264769e-01 7.300000000000000000e+01 8.544003745317530374e+00
4.141118837026186994e-01 7.600000000000000000e+01 8.717797887081347952e+00
4.148228026592687412e-01 6.900000000000000000e+01 8.306623862918074863e+00
4.155337184568623221e-01 7.000000000000000000e+01 8.366600265340755627e+00
4.162446310899857171e-01 6.100000000000000000e+01 7.810249675906653977e+00
4.169555405532250347e-01 7.900000000000000000e+01 8.888194417315588680e+00
4.176664468411662723e-01 7.800000000000000000e+01 8.831760866327847737e+00
4.183773499483955383e-01 7.200000000000000000e+01 8.485281374238569541e+00
4.190882498694992742e-01 7.200000000000000000e+01 8.485281374238569541e+00
4.197991465990634219e-01 6.200000000000000000e+01 7.874007874011811126e+00
4.205100401316741454e-01 7.100000000000000000e+01 8.426149773176359048e+00
4.212209304619179417e-01 6.900000000000000000e+01 8.306623862918074863e+00
4.219318175843808083e-01 8.100000000000000000e+01 9.000000000000000000e+00
4.226427014936491866e-01 9.200000000000000000e+01 9.591663046625438227e+00
4.233535821843092406e-01 7.900000000000000000e+01 8.888194417315588680e+00
4.240644596509474673e-01 8.100000000000000000e+01 9.000000000000000000e+00
4.247753338881501417e-01 8.700000000000000000e+01 9.327379053088815652e+00
4.254862048905037608e-01 8.200000000000000000e+01 9.055385138137417300e+00
4.261970726525945441e-01 7.800000000000000000e+01 8.831760866327847737e+00
4.269079371690089886e-01 5.500000000000000000e+01 7.416198487095662983e+00
